0 1.612574e-05
1 1.357669e-05
2 1.127382e-05
3 9.250061e-06
4 7.520182e-06
5 6.080444e-06
6 4.909518e-06
7 3.973389e-06
8 3.231337e-06
9 2.642095e-06
10 2.168720e-06
11 1.781115e-06
12 1.456832e-06
13 1.180627e-06
14 9.431086e-07
15 7.389388e-07
16 5.652286e-07
17 4.202982e-07
18 3.026163e-07
19 2.103206e-07
20 2.157420e-05
21 1.803800e-05
22 1.489023e-05
23 1.216537e-05
24 9.869336e-06
25 7.982041e-06
26 6.461151e-06
27 5.250506e-06
28 4.289395e-06
29 3.520543e-06
30 2.895395e-06
31 2.376346e-06
32 1.936709e-06
33 1.559245e-06
34 1.233871e-06
35 9.550993e-07
36 7.199022e-07
37 5.260999e-07
38 3.715955e-07
39 2.530858e-07
40 2.789433e-05
41 2.319760e-05
42 1.907136e-05
43 1.554450e-05
44 1.260600e-05
45 1.021178e-05
46 8.292310e-06
47 6.765096e-06
48 5.546961e-06
49 4.563438e-06
50 3.754143e-06
51 3.074233e-06
52 2.493214e-06
53 1.992275e-06
54 1.560954e-06
55 1.193624e-06
56 8.869936e-07
57 6.380386e-07
58 4.428055e-07
59 2.961647e-07
60 3.089821e-05
61 2.565218e-05
62 2.107067e-05
63 1.717439e-05
64 1.394019e-05
65 1.131031e-05
66 9.201656e-06
67 7.519785e-06
68 6.172132e-06
69 5.077591e-06
70 4.171594e-06
71 3.407003e-06
72 2.752284e-06
73 2.188275e-06
74 1.704417e-06
75 1.294741e-06
76 9.552663e-07
77 6.820936e-07
78 4.696983e-07
79 3.111606e-07
80 3.063744e-05
81 2.541953e-05
82 2.085720e-05
83 1.697763e-05
84 1.376204e-05
85 1.115317e-05
86 9.067643e-06
87 7.410026e-06
88 6.086346e-06
89 5.014091e-06
90 4.127758e-06
91 3.379515e-06
92 2.737515e-06
93 2.182616e-06
94 1.704531e-06
95 1.297804e-06
96 9.591465e-07
97 6.853596e-07
98 4.720359e-07
99 3.132957e-07
100 4.213282e-05
101 3.475995e-05
102 2.841700e-05
103 2.310297e-05
104 1.875178e-05
105 1.525080e-05
106 1.246053e-05
107 1.023470e-05
108 8.439605e-06
109 6.964784e-06
110 5.726767e-06
111 4.667852e-06
112 3.752023e-06
113 2.959051e-06
114 2.278892e-06
115 1.706100e-06
116 1.236360e-06
117 8.642384e-07
118 5.814771e-07
119 3.769373e-07
120 4.801825e-05
121 3.955024e-05
122 3.231605e-05
123 2.629079e-05
124 2.137597e-05
125 1.742679e-05
126 1.427423e-05
127 1.174842e-05
128 9.697137e-06
129 7.999040e-06
130 6.563593e-06
131 5.330356e-06
132 4.262371e-06
133 3.339439e-06
134 2.551820e-06
135 1.893505e-06
136 1.358802e-06
137 9.401897e-07
138 6.258737e-07
139 4.006850e-07
140 6.281006e-05
141 5.154299e-05
142 4.203686e-05
143 3.420741e-05
144 2.787543e-05
145 2.281079e-05
146 1.876547e-05
147 1.550549e-05
148 1.283179e-05
149 1.059084e-05
150 8.674332e-06
151 7.013620e-06
152 5.569254e-06
153 4.321624e-06
154 3.262151e-06
155 2.384684e-06
156 1.681307e-06
157 1.140177e-06
158 7.440585e-07
159 4.675495e-07
160 7.522138e-05
161 6.166186e-05
162 5.032122e-05
163 4.104003e-05
164 3.355633e-05
165 2.756481e-05
166 2.275441e-05
167 1.884248e-05
168 1.559910e-05
169 1.285200e-05
170 1.048419e-05
171 8.424786e-06
172 6.635098e-06
173 5.096774e-06
174 3.801516e-06
175 2.741124e-06
176 1.903669e-06
177 1.271088e-06
178 8.173140e-07
179 5.030932e-07
180 9.507364e-05
181 7.795367e-05
182 6.377529e-05
183 5.223865e-05
184 4.294164e-05
185 3.545929e-05
186 2.938765e-05
187 2.437913e-05
188 2.016206e-05
189 1.654361e-05
190 1.339985e-05
191 1.066026e-05
192 8.289391e-06
193 6.270884e-06
194 4.595395e-06
195 3.248626e-06
196 2.208644e-06
197 1.444709e-06
198 9.100901e-07
199 5.384982e-07
200 3.273258e-06
201 3.308628e-06
202 3.292874e-06
203 3.219357e-06
204 3.084248e-06
205 2.889764e-06
206 2.644500e-06
207 2.362692e-06
208 2.062147e-06
209 1.761599e-06
210 1.477571e-06
211 1.222173e-06
212 1.002229e-06
213 8.195931e-07
214 6.721780e-07
215 5.552925e-07
216 4.630367e-07
217 3.895436e-07
218 3.295897e-07
219 2.789843e-07
220 4.817069e-06
221 4.831757e-06
222 4.764474e-06
223 4.608466e-06
224 4.362633e-06
225 4.035698e-06
226 3.645303e-06
227 3.215665e-06
228 2.774052e-06
229 2.346413e-06
230 1.953538e-06
231 1.608825e-06
232 1.318041e-06
233 1.080450e-06
234 8.906939e-07
235 7.407797e-07
236 6.218869e-07
237 5.259326e-07
238 4.462526e-07
239 3.775044e-07
240 6.786391e-06
241 6.749964e-06
242 6.591994e-06
243 6.308470e-06
244 5.904454e-06
245 5.398806e-06
246 4.821334e-06
247 4.208332e-06
248 3.597214e-06
249 3.020833e-06
250 2.503227e-06
251 2.057773e-06
252 1.687840e-06
253 1.388949e-06
254 1.151589e-06
255 9.638118e-07
256 8.135935e-07
257 6.903820e-07
258 5.859048e-07
259 4.942489e-07
260 7.861603e-06
261 7.770505e-06
262 7.539448e-06
263 7.168283e-06
264 6.666906e-06
265 6.060072e-06
266 5.383477e-06
267 4.678404e-06
268 3.985816e-06
269 3.340382e-06
270 2.766323e-06
271 2.275939e-06
272 1.870740e-06
273 1.544098e-06
274 1.284443e-06
275 1.077997e-06
276 9.114274e-07
277 7.734436e-07
278 6.551032e-07
279 5.506500e-07
280 7.650054e-06
281 7.598990e-06
282 7.406456e-06
283 7.069412e-06
284 6.595397e-06
285 6.007744e-06
286 5.343302e-06
287 4.644873e-06
288 3.955364e-06
289 3.310968e-06
290 2.737283e-06
291 2.247419e-06
292 1.843376e-06
293 1.518698e-06
294 1.261764e-06
295 1.058639e-06
296 8.957487e-07
297 7.615090e-07
298 6.468945e-07
299 5.457340e-07
300 1.163375e-05
301 1.143562e-05
302 1.101291e-05
303 1.037301e-05
304 9.542820e-06
305 8.571223e-06
306 7.521844e-06
307 6.460316e-06
308 5.446951e-06
309 4.527412e-06
310 3.729479e-06
311 3.062516e-06
312 2.521437e-06
313 2.091106e-06
314 1.751394e-06
315 1.480897e-06
316 1.260287e-06
317 1.074191e-06
318 9.112959e-07
319 7.643490e-07
320 1.392444e-05
321 1.359437e-05
322 1.299823e-05
323 1.215393e-05
324 1.110092e-05
325 9.903885e-06
326 8.639894e-06
327 7.385082e-06
328 6.205315e-06
329 5.148966e-06
330 4.241788e-06
331 3.489675e-06
332 2.882638e-06
333 2.400512e-06
334 2.018801e-06
335 1.712413e-06
336 1.459539e-06
337 1.243450e-06
338 1.051871e-06
339 8.779093e-07
340 1.958426e-05
341 1.897722e-05
342 1.798525e-05
343 1.665136e-05
344 1.504963e-05
345 1.328546e-05
346 1.147438e-05
347 9.722804e-06
348 8.114768e-06
349 6.704602e-06
350 5.515938e-06
351 4.545769e-06
352 3.771562e-06
353 3.160170e-06
354 2.675383e-06
355 2.282466e-06
356 1.952680e-06
357 1.665285e-06
358 1.406416e-06
359 1.166605e-06
360 2.493366e-05
361 2.393849e-05
362 2.246657e-05
363 2.059634e-05
364 1.843967e-05
365 1.613927e-05
366 1.383908e-05
367 1.166307e-05
368 9.703565e-06
369 8.012252e-06
370 6.604656e-06
371 5.466155e-06
372 4.561456e-06
373 3.845592e-06
374 3.272897e-06
375 2.801598e-06
376 2.398770e-06
377 2.041667e-06
378 1.715483e-06
379 1.410305e-06
380 3.402878e-05
381 3.223363e-05
382 2.983790e-05
383 2.698992e-05
384 2.386655e-05
385 2.066700e-05
386 1.757423e-05
387 1.473104e-05
388 1.223043e-05
389 1.011405e-05
390 8.378367e-06
391 6.986580e-06
392 5.881840e-06
393 5.000424e-06
394 4.282534e-06
395 3.676700e-06
396 3.145224e-06
397 2.664314e-06
398 2.217006e-06
399 1.797135e-06
400 8.756172e-04
401 8.199602e-04
402 7.477350e-04
403 6.625797e-04
404 5.699640e-04
405 4.767281e-04
406 3.892472e-04
407 3.125009e-04
408 2.491055e-04
409 1.992672e-04
410 1.614797e-04
411 1.333827e-04
412 1.124501e-04
413 9.640847e-05
414 8.343774e-05
415 7.224547e-05
416 6.201977e-05
417 5.234397e-05
418 4.312030e-05
419 3.444371e-05
420 1.324326e-03
421 1.237185e-03
422 1.125216e-03
423 9.942343e-04
424 8.527556e-04
425 7.112847e-04
426 5.795596e-04
427 4.649026e-04
428 3.706333e-04
429 2.968602e-04
430 2.410121e-04
431 1.995759e-04
432 1.686106e-04
433 1.448156e-04
434 1.254354e-04
435 1.086091e-04
436 9.314456e-05
437 7.846469e-05
438 6.447729e-05
439 5.134194e-05
440 1.800808e-03
441 1.679330e-03
442 1.524304e-03
443 1.344037e-03
444 1.150480e-03
445 9.580485e-04
446 7.796733e-04
447 6.249320e-04
448 4.983086e-04
449 3.994593e-04
450 3.248514e-04
451 2.694436e-04
452 2.280356e-04
453 1.960620e-04
454 1.699169e-04
455 1.470915e-04
456 1.260547e-04
457 1.060667e-04
458 8.701281e-05
459 6.914239e-05
460 1.986621e-03
461 1.851534e-03
462 1.679527e-03
463 1.479890e-03
464 1.265909e-03
465 1.053539e-03
466 8.570088e-04
467 6.867788e-04
468 5.476587e-04
469 4.391528e-04
470 3.573006e-04
471 2.965274e-04
472 2.510919e-04
473 2.159624e-04
474 1.871883e-04
475 1.620335e-04
476 1.388254e-04
477 1.167615e-04
478 9.572359e-05
479 7.599727e-05
480 3.348356e-04
481 2.964633e-04
482 2.548534e-04
483 2.131035e-04
484 1.741437e-04
485 1.402478e-04
486 1.123972e-04
487 9.056374e-05
488 7.402313e-05
489 6.172058e-05
490 5.254342e-05
491 4.548196e-05
492 3.972786e-05
493 3.469916e-05
494 3.002549e-05
495 2.553025e-05
496 2.117643e-05
497 1.701791e-05
498 1.316530e-05
499 9.725625e-06
500 7.732100e-04
501 6.822980e-04
502 5.845838e-04
503 4.873588e-04
504 3.973538e-04
505 3.196485e-04
506 2.562881e-04
507 2.069725e-04
508 1.697536e-04
509 1.419695e-04
510 1.212136e-04
511 1.051826e-04
512 9.193743e-05
513 8.023469e-05
514 6.936712e-05
515 5.888385e-05
516 4.868863e-05
517 3.899064e-05
518 3.003971e-05
519 2.206791e-05
520 1.428492e-03
521 1.257232e-03
522 1.074840e-03
523 8.948855e-04
524 7.291601e-04
525 5.864916e-04
526 4.707030e-04
527 3.803783e-04
528 3.123562e-04
529 2.617725e-04
530 2.238643e-04
531 1.944308e-04
532 1.701038e-04
533 1.485470e-04
534 1.282904e-04
535 1.087019e-04
536 8.972764e-05
537 7.167792e-05
538 5.505227e-05
539 4.029476e-05
540 1.768234e-03
541 1.554839e-03
542 1.327721e-03
543 1.103923e-03
544 8.987258e-04
545 7.230872e-04
546 5.805999e-04
547 4.695493e-04
548 3.857742e-04
549 3.237425e-04
550 2.771055e-04
551 2.408346e-04
552 2.107657e-04
553 1.839940e-04
554 1.587902e-04
555 1.344754e-04
556 1.109147e-04
557 8.849356e-05
558 6.787216e-05
559 4.957578e-05
560 8.323639e-05
561 7.050592e-05
562 5.832012e-05
563 4.743778e-05
564 3.828065e-05
565 3.097278e-05
566 2.534558e-05
567 2.111980e-05
568 1.797112e-05
569 1.558250e-05
570 1.368306e-05
571 1.206240e-05
572 1.057860e-05
573 9.150055e-06
574 7.744689e-06
575 6.372101e-06
576 5.064277e-06
577 3.862009e-06
578 2.800333e-06
579 1.909102e-06
580 2.700143e-04
581 2.287376e-04
582 1.892051e-04
583 1.538895e-04
584 1.241680e-04
585 1.004471e-04
586 8.218150e-05
587 6.846631e-05
588 5.824959e-05
589 5.050229e-05
590 4.434488e-05
591 3.909402e-05
592 3.428835e-05
593 2.966224e-05
594 2.511084e-05
595 2.066464e-05
596 1.642697e-05
597 1.253008e-05
598 9.088596e-06
599 6.188688e-06
600 8.233844e-04
601 6.960252e-04
602 5.748622e-04
603 4.672564e-04
604 3.771170e-04
605 3.054314e-04
606 2.503654e-04
607 2.090640e-04
608 1.782745e-04
609 1.548517e-04
610 1.361310e-04
611 1.200573e-04
612 1.052587e-04
613 9.096065e-05
614 7.687637e-05
615 6.312695e-05
616 5.004788e-05
617 3.805389e-05
618 2.748646e-05
619 1.866936e-05
620 1.256603e-03
621 1.061134e-03
622 8.758051e-04
623 7.116724e-04
624 5.744837e-04
625 4.655687e-04
626 3.819983e-04
627 3.193491e-04
628 2.726229e-04
629 2.370171e-04
630 2.084788e-04
631 1.838931e-04
632 1.611927e-04
633 1.392210e-04
634 1.175643e-04
635 9.642882e-05
636 7.634661e-05
637 5.796275e-05
638 4.177825e-05
639 2.835869e-05
640 3.474531e-05
641 2.869356e-05
642 2.341186e-05
643 1.903831e-05
644 1.556734e-05
645 1.291604e-05
646 1.092634e-05
647 9.432772e-06
648 8.282563e-06
649 7.345502e-06
650 6.523653e-06
651 5.749546e-06
652 4.987903e-06
653 4.228800e-06
654 3.480594e-06
655 2.764674e-06
656 2.106077e-06
657 1.524697e-06
658 1.032488e-06
659 7.908926e-07
660 7.469395e-05
661 6.174396e-05
662 5.038920e-05
663 4.095804e-05
664 3.344907e-05
665 2.770610e-05
666 2.339912e-05
667 2.016493e-05
668 1.768533e-05
669 1.567434e-05
670 1.391883e-05
671 1.226983e-05
672 1.065400e-05
673 9.041713e-06
674 7.452629e-06
675 5.929683e-06
676 4.526039e-06
677 3.284993e-06
678 2.229470e-06
679 1.692396e-06
680 3.170152e-04
681 2.620720e-04
682 2.138420e-04
683 1.737703e-04
684 1.418750e-04
685 1.174691e-04
686 9.913806e-05
687 8.539938e-05
688 7.485829e-05
689 6.632499e-05
690 5.889114e-05
691 5.192867e-05
692 4.509917e-05
693 3.829596e-05
694 3.158239e-05
695 2.514565e-05
696 1.920898e-05
697 1.395681e-05
698 9.475341e-06
699 7.175043e-06
700 7.321102e-04
701 6.047139e-04
702 4.933543e-04
703 4.011310e-04
704 3.279008e-04
705 2.719621e-04
706 2.299702e-04
707 1.984643e-04
708 1.742168e-04
709 1.544910e-04
710 1.372094e-04
711 1.209467e-04
712 1.049495e-04
713 8.899991e-05
714 7.327330e-05
715 5.822635e-05
716 4.437706e-05
717 3.214149e-05
718 2.176976e-05
719 1.666078e-05
720 2.194686e-05
721 1.800722e-05
722 1.474071e-05
723 1.214401e-05
724 1.014269e-05
725 8.641268e-06
726 7.511943e-06
727 6.639546e-06
728 5.927956e-06
729 5.301818e-06
730 4.709266e-06
731 4.120035e-06
732 3.525287e-06
733 2.931588e-06
734 2.355129e-06
735 1.817139e-06
736 1.337007e-06
737 9.209020e-07
738 6.609521e-07
739 4.957914e-07
740 3.518502e-05
741 2.886932e-05
742 2.362930e-05
743 1.946077e-05
744 1.624560e-05
745 1.383392e-05
746 1.201989e-05
747 1.062008e-05
748 9.479649e-06
749 8.477643e-06
750 7.530572e-06
751 6.589514e-06
752 5.639899e-06
753 4.691863e-06
754 3.770938e-06
755 2.911132e-06
756 2.143317e-06
757 1.477753e-06
758 1.057298e-06
759 7.961109e-07
760 9.228395e-05
761 7.572394e-05
762 6.193603e-05
763 5.094998e-05
764 4.245559e-05
765 3.608120e-05
766 3.129215e-05
767 2.760855e-05
768 2.462221e-05
769 2.201347e-05
770 1.955872e-05
771 1.712497e-05
772 1.467129e-05
773 1.222349e-05
774 9.842472e-06
775 7.612433e-06
776 5.618956e-06
777 3.888889e-06
778 2.751437e-06
779 2.099785e-06
780 3.594175e-04
781 2.948997e-04
782 2.413249e-04
783 1.986693e-04
784 1.657563e-04
785 1.410636e-04
786 1.224963e-04
787 1.081806e-04
788 9.653536e-05
789 8.632128e-05
790 7.668204e-05
791 6.711393e-05
792 5.746378e-05
793 4.782928e-05
794 3.846305e-05
795 2.970962e-05
796 2.189296e-05
797 1.511216e-05
798 1.077029e-05
799 8.149037e-06
800 4.863542e-01
801 3.943744e-01
802 3.152617e-01
803 2.506423e-01
804 1.992768e-01
805 1.601620e-01
806 1.306405e-01
807 1.082061e-01
808 9.070069e-02
809 7.638271e-02
810 6.406015e-02
811 5.311541e-02
812 4.322780e-02
813 3.431324e-02
814 2.639652e-02
815 1.954760e-02
816 1.381657e-02
817 9.233111e-03
818 5.757770e-03
819 3.290680e-03
820 2.488160e-01
821 1.993813e-01
822 1.600437e-01
823 1.302074e-01
824 1.073039e-01
825 8.984199e-02
826 7.586365e-02
827 6.417750e-02
828 5.406403e-02
829 4.501804e-02
830 3.676132e-02
831 2.927150e-02
832 2.257911e-02
833 1.676123e-02
834 1.187905e-02
835 7.958605e-03
836 4.967345e-03
837 2.840162e-03
838 1.457271e-03
839 6.757594e-04
840 1.760497e-01
841 1.435816e-01
842 1.182997e-01
843 9.915431e-02
844 8.378572e-02
845 7.134767e-02
846 6.061976e-02
847 5.104272e-02
848 4.238381e-02
849 3.448388e-02
850 2.728294e-02
851 2.087537e-02
852 1.533333e-02
853 1.072367e-02
854 7.064748e-03
855 4.322316e-03
856 2.402982e-03
857 1.189994e-03
858 5.411755e-04
859 3.070730e-04
860 1.200814e-01
861 1.002730e-01
862 8.447990e-02
863 7.210479e-02
864 6.156750e-02
865 5.257961e-02
866 4.444690e-02
867 3.696638e-02
868 3.013312e-02
869 2.392932e-02
870 1.836450e-02
871 1.354045e-02
872 9.508269e-03
873 6.294406e-03
874 3.873516e-03
875 2.175140e-03
876 1.086135e-03
877 4.906410e-04
878 2.797830e-04
879 -1.277120e-04
880 1.045194e-01
881 8.897617e-02
882 7.604935e-02
883 6.550527e-02
884 5.605551e-02
885 4.769798e-02
886 3.994247e-02
887 3.273841e-02
888 2.618089e-02
889 2.030453e-02
890 1.513720e-02
891 1.077726e-02
892 7.252060e-03
893 4.554488e-03
894 2.622782e-03
895 1.355315e-03
896 6.193137e-04
897 3.142196e-04
898 3.717653e-05
899 -2.898502e-04
